       1         0.0000000000        0.0000000000
       2         2.0033007022       -0.0089750347
       3         0.7589054294       -0.0075414373
       4         0.0000000000        0.0000000000
       5         0.0000000000       -0.0011634111
       6         0.0000000000        0.0000000000
       7         0.2939961851        0.0000000000
       8         0.0000000000       -0.0004278700
       9         0.0000000000       -0.0098548771
      10         0.1640021801       -0.0119623874
      11         0.0000000000       -0.0062830659
      12         0.3640837967       -0.0016437116
      13         0.0000000000       -0.0173257868
      14         0.0000000000        0.0000000000
      15         0.3077350557        0.0000000000
      16         0.4904009402       -0.0032567186
      17         0.0000000000       -0.0142601784
      18         0.1197420061        0.0000000000
      19         0.0000000000        0.0000000000
      20         0.0000000000       -0.0018829014
      21         0.0000000000        0.0000000000
      22         0.0000000000        0.0000000000
      23         0.0029169023        0.0000000000
      24         0.0027641654       -0.0007105991
      25         0.0181496143       -0.0070722308
      26         0.0151635322        0.0000000000
      27         0.1537298958       -0.0007995941
      28         0.0000000000       -0.0016745507
      29         0.0000000000       -0.0037880664
      30         0.0261687674       -0.0003516470
      31         0.0222085509       -0.0018572318
      32         0.1301057637        0.0000000000
      33         0.0000000000       -0.0050949457
      34         0.0000000000       -0.0223154930
      35         0.0000000000       -0.0122422643
      36         0.0359711703       -0.0237399800
      37         0.0000000000       -0.0121240737
      38         0.0000000000        0.0000000000
      39         0.0000000000        0.0000000000
      40         0.0000000000        0.0000000000
      41         0.0000000000        0.0000000000
      42         0.0000000000        0.0000000000
      43         0.0584586523        0.0000000000
      44         0.2597239800        0.0000000000
      45         0.0000000000        0.0000000000
      46         0.0156527385        0.0000000000
      47         0.1863548532        0.0000000000
      48         0.0000000000        0.0000000000
      49         0.7131968159        0.0000000000
      50         0.0000000000        0.0000000000
      51         0.3057178110        0.0000000000
      52         0.0000000000        0.0000000000
      53         0.0193286687        0.0000000000
      54         0.0126613304        0.0000000000
      55         0.0000000000       -0.0029861840
      56         0.0000000000       -0.0104303617
      57         0.0000000000       -0.0093517356
      58         0.0000000000       -0.0367790381
      59         0.0476057176       -0.0229300113
      60         0.0000000000       -0.0171166466
      61         0.0000000000       -0.0042664178
      62         0.0000000000        0.0000000000
      63         0.1223324798        0.0000000000
      64         0.2105983440        0.0000000000
      65         0.0000000000        0.0000000000
      66         0.0000000000        0.0000000000
      67         0.0121246558        0.0000000000
      68         0.0000000000        0.0000000000
      69         0.0093206763        0.0000000000
      70         0.0000000000        0.0000000000
      71         0.0000000000        0.0000000000
      72         0.0000000000        0.0000000000
      73         0.0018924475        0.0000000000
      74         0.0000000000        0.0000000000
      75         0.0000000000        0.0000000000
      76         0.0019729685        0.0000000000
      77         0.0273056830        0.0000000000
      78         0.1234782467        0.0000000000
      79         0.1690470235        0.0000000000
      80         0.0333276548        0.0000000000
      81         0.0000000000        0.0000000000
      82         0.0000000000       -0.0265696790
      83         0.0054345001       -0.0029096136
      84         0.0123020727       -0.0242747838
      85         0.0000000000       -0.0123694335
      86         0.0047087669       -0.0039248116
      87         0.0000000000        0.0000000000
      88         0.0000000000        0.0000000000
      89         0.0000000000        0.0000000000
      90         0.0000000000        0.0000000000
      91         0.0037869904        0.0000000000
      92         0.0443318859        0.0000000000
      93         0.0294959173       -0.0009802170
      94         0.0000000000        0.0000000000
      95         0.0000000000        0.0000000000
      96         0.0000000000        0.0000000000
      97         0.0308074523       -0.0078598969
      98         0.0205266406        0.0000000000
      99         0.0227223209        0.0000000000
     100         0.0041345047        0.0000000000
     101         0.0000000000        0.0000000000
     102         0.0000000000        0.0000000000
     103         0.0000000000        0.0000000000
     104         0.1029535197        0.0000000000
     105         0.0000000000       -0.0221120599
     106         0.0000000000        0.0000000000
     107         0.0158073381       -0.0167110529
     108         0.0000000000       -0.0248740134
     109         0.0000000000        0.0000000000
     110         0.0200443901       -0.0011401717
     111         0.0000000000       -0.0010005024
     112         0.0000000000        0.0000000000
     113         0.0000000000        0.0000000000
     114         0.0006523915        0.0000000000
     115         0.0025725458        0.0000000000
     116         0.0008016359        0.0000000000
     117         0.0067108776        0.0000000000
     118         0.0024284236        0.0000000000
     119         0.0000000000        0.0000000000
     120         0.0000000000        0.0000000000
     121         0.0006482005        0.0000000000
     122         0.0000000000        0.0000000000
     123         0.0005156496       -0.0022039143
     124         0.0116867656       -0.0011127810
     125         0.0654482537       -0.0015180094
     126         0.1854390748       -0.0007113986
     127         0.1856833405       -0.0005755674
     128         0.1977472566       -0.0005494803
     129         0.0000000000        0.0000000000
     130         0.0000000000       -0.0111446425
     131         0.0000000000       -0.0081414619
     132         0.0000000000       -0.0001978915
     133         0.0000000000       -0.0058309961
     134         0.0000000000       -0.0116188312
     135         0.0000000000       -0.0074388226
     136         0.0000006985        0.0000000000
     137         0.0000000000        0.0000000000
     138         0.0000000000        0.0000000000
     139         0.0061441679       -0.0045057386
     140         0.0000000000       -0.0014111865
     141         0.0140324701       -0.0028351787
     142         0.0799323898        0.0000000000
     143         0.0915846322        0.0000000000
     144         0.0000000000        0.0000000000
     145         0.1444299705       -0.0050172675
     146         0.0000000000        0.0000000000
     147         0.0000000000        0.0000000000
     148         0.0337629317        0.0000000000
     149         0.0404816819        0.0000000000
     150         0.0000000000        0.0000000000
     151         0.0434441026        0.0000000000
     152         0.1323742326        0.0000000000
     153         0.0108552631        0.0000000000
     154         0.0000000000        0.0000000000
     155         0.0000000000        0.0000000000
     156         0.0000000000        0.0000000000
     157         0.0000000000        0.0000000000
     158         0.0000000000       -0.0061271421
     159         0.0010812655        0.0000000000
     160         0.0079176389        0.0000000000
     161         0.0000000000        0.0000000000
     162         0.0000000000        0.0000000000
     163         0.0000000000        0.0000000000
     164         0.0000000000        0.0000000000
     165         0.0000000000        0.0000000000
     166         0.0000000000        0.0000000000
     167         0.0000000000        0.0000000000
     168         0.0037057325        0.0000000000
     169         0.0007387716        0.0000000000
     170         0.0000000000        0.0000000000
     171         0.0004103430        0.0000000000
     172         0.0000000000        0.0000000000
     173         0.0003862182        0.0000000000
     174         0.0000000000        0.0000000000
     175         0.0000000000        0.0000000000
     176         0.0000000000       -0.0011621596
     177         0.0000000000       -0.0411443325
     178         0.0000000000       -0.0596202299
     179         0.0000000000       -0.0413787784
     180         0.0000067939       -0.0046758068
     181         0.0000000000        0.0000000000
     182         0.0000000000        0.0000000000
     183         0.0008551833        0.0000000000
     184         0.0000000000        0.0000000000
     185         0.0000000000        0.0000000000
     186         0.0000013133        0.0000000000
     187         0.0008569932        0.0000000000
     188         0.0000000000        0.0000000000
     189         0.0000000000        0.0000000000
     190         0.0000000000        0.0000000000
     191         0.0000000000        0.0000000000
     192         0.0000000000        0.0000000000
     193         0.0000000000        0.0000000000
     194         0.0000000000        0.0000000000
     195         0.0000000000        0.0000000000
     196         0.0000000000        0.0000000000
     197         0.0000000000        0.0000000000
     198         0.0000000000        0.0000000000
     199         0.0000000000        0.0000000000
     200         0.0000000000        0.0000000000
     201         0.0000000000       -0.0092940318
     202         0.0000000000       -0.0924664637
     203         0.0000000000       -0.0408240885
     204         0.0000000000       -0.0098594173
     205         0.0000000000        0.0000000000
     206         0.0000000000       -0.0047737267
     207         0.0008583069        0.0000000000
     208         0.0976584008        0.0000000000
     209         0.0000000000        0.0000000000
     210         0.0000000000        0.0000000000
     211         0.7242742431        0.0000000000
     212         1.2931215751       -0.0116142910
     213         0.0000000000       -0.0897154678
     214         0.0000000000        0.0000000000
     215         0.0059222803        0.0000000000
     216         0.1538940705        0.0000000000
     217         0.0720010139       -0.0232337043
     218         0.0000000000        0.0000000000
     219         0.0035810081       -0.0021954766
     220         0.0000000000        0.0000000000
     221         0.1401657501       -0.0099759927
     222         0.0722520635       -0.0094470743
     223         0.0000000000       -0.0044657354
     224         0.1030310523       -0.0050294329
     225         0.0054116827       -0.0113508140
     226         0.0000000000       -0.0240929658
     227         0.0000000000       -0.0067024957
     228         0.0000000000       -0.0430420041
     229         0.0000000000       -0.0120156910
     230         0.0017995480        0.0000000000
     231         0.0000000000       -0.0065849163
     232         0.0000000000        0.0000000000
     233         0.0000000000        0.0000000000
     234         0.0000000000        0.0000000000
     235         0.0015983824        0.0000000000
     236         0.0055222772        0.0000000000
     237         0.0144492369        0.0000000000
     238         0.0852397643        0.0000000000
     239         0.2665643115        0.0000000000
     240         0.4566502757        0.0000000000
     241         1.1879277881        0.0000000000
     242         0.1361300237       -0.0004271795
     243         0.0000000000        0.0000000000
     244         0.0000000000        0.0000000000
     245         0.0000000000        0.0000000000
     246         0.2765774261        0.0000000000
     247         0.0000000000        0.0000000000
     248         0.0000000000        0.0000000000
     249         0.0000000000        0.0000000000
     250         0.0000000000       -0.0033458346
     251         0.0000000000       -0.0071388204
     252         0.0000000000       -0.0276899818
     253         0.0880882144       -0.0021893775
     254         0.0000000000       -0.0114913428
     255         0.0000000000       -0.0228385907
     256         0.0000000000        0.0000000000
     257         0.0016354024        0.0000000000
     258         0.0000000000        0.0000000000
     259         0.0000000000        0.0000000000
     260         0.0000000000        0.0000000000
     261         0.0000000000        0.0000000000
     262         0.0000000000        0.0000000000
     263         0.0000000000        0.0000000000
     264         0.0000000000        0.0000000000
     265         0.0000000000        0.0000000000
     266         0.0000000000        0.0000000000
     267         0.0000000000        0.0000000000
     268         0.0000000000        0.0000000000
     269         0.0000000000        0.0000000000
     270         0.0001424507        0.0000000000
     271         0.0000000000        0.0000000000
     272         0.0002809446        0.0000000000
     273         0.0000000000       -0.0011425291
     274         0.0000000000       -0.0405690353
     275         0.0000000000       -0.1038520895
     276         0.0000000000       -0.0137206207
     277         0.0000000000        0.0000000000
     278         0.0008583065       -0.0174934976
     279         0.0000000000        0.0000000000
     280         0.0000000000        0.0000000000
     281         0.0000000000        0.0000000000
     282         0.0000000000        0.0000000000
     283         0.0000000000        0.0000000000
     284         0.0000000000       -0.0005534384
     285         0.0003607565        0.0000000000
     286         0.0015788037        0.0000000000
     287         0.0000000000       -0.0000414439
     288         0.0000000000        0.0000000000
     289         0.0000000000        0.0000000000
     290         0.0000000000        0.0000000000
     291         0.0000356127        0.0000000000
     292         0.0000000000        0.0000000000
     293         0.0000000000        0.0000000000
     294         0.0001589903        0.0000000000
     295         0.0013382962        0.0000000000
     296         0.0042507665       -0.0037301506
     297         0.0002114457       -0.0479352311
     298         0.0000000000       -0.0231736049
     299         0.0000000000       -0.0235099578
     300         0.0000000000       -0.0177456823
     301         0.0000000000        0.0000000000
     302         0.0000000000        0.0000000000
     303         0.0000000000        0.0000000000
     304         0.0000000000        0.0000000000
     305         0.0000000000        0.0000000000
     306         0.0000224245        0.0000000000
     307         0.0002637826        0.0000000000
     308         0.0000000000        0.0000000000
     309         0.0000000000        0.0000000000
     310         0.0000316504        0.0000000000
     311         0.0000588479        0.0000000000
     312         0.0001666776        0.0000000000
     313         0.0001210574        0.0000000000
     314         0.0000000000        0.0000000000
     315         0.0000000000        0.0000000000
     316         0.0000000000        0.0000000000
     317         0.0000000000        0.0000000000
     318         0.0000000000        0.0000000000
     319         0.0000000000        0.0000000000
     320         0.0000000000       -0.0021292835
     321         0.0004276632       -0.0198655107
     322         0.0000000000       -0.0770333754
     323         0.0000000000       -0.0299504027
     324         0.0000000000       -0.0140537159
     325         0.0000000000       -0.0102138147
     326         0.0008583068        0.0000000000
     327         0.0000000000        0.0000000000
     328         0.0000000000        0.0000000000
     329         0.0000000000        0.0000000000
     330         0.0000049013        0.0000000000
     331         0.0000000000        0.0000000000
     332         0.0000000000        0.0000000000
     333         0.0000000000        0.0000000000
     334         0.0000000000       -0.0002316665
     335         0.0000000000       -0.0000090804
     336         0.0000000000       -0.0001022127
     337         0.0010269150       -0.0003192108
     338         0.2320789927        0.0000000000
     339         0.0000000000        0.0000000000
     340         0.0368499313        0.0000000000
     341         0.0000000000        0.0000000000
     342         0.0000000000        0.0000000000
     343         0.0003285240        0.0000000000
     344         0.0000000000       -0.0021227288
     345         0.0209112186       -0.0004361200
     346         0.1440804917       -0.1111292395
     347         0.0000000000       -0.0602172231
     348         0.4020305350        0.0000000000
     349         0.0000000000       -0.0143388752
     350         0.0000000000        0.0000000000
     351         0.0000000000        0.0000000000
     352         0.0149314292        0.0000000000
     353         0.0133768190        0.0000000000
     354         0.0000000000        0.0000000000
     355         0.0000000000        0.0000000000
     356         0.0000000000        0.0000000000
     357         0.0000000000        0.0000000000
     358         0.0000000000        0.0000000000
     359         0.0008537900        0.0000000000
     360         0.0000000000        0.0000000000
     361         0.0000051223        0.0000000000
     362         0.0000000000        0.0000000000
     363         0.0000000000        0.0000000000
     364         0.0000000000        0.0000000000
     365         0.0000000000        0.0000000000
     366         0.0000000000        0.0000000000
     367         0.0000000000        0.0000000000
     368         0.0000000000       -0.0025311310
     369         0.0000000000       -0.0591763237
     370         0.0000000000       -0.0787446625
     371         0.0000000000       -0.0301570253
     372         0.0000000000       -0.0143356883
     373         0.0000000000       -0.0100198667
     374         0.0000000000        0.0000000000
     375         0.0000000000        0.0000000000
     376         0.0000000000        0.0000000000
     377         0.0000000000        0.0000000000
     378         0.0000000000        0.0000000000
     379         0.0000000000        0.0000000000
     380         0.0000000000        0.0000000000
     381         0.0000000000        0.0000000000
     382         0.0000000000        0.0000000000
     383         0.0000000000        0.0000000000
     384         0.0000000000        0.0000000000
     385         0.0000000000        0.0000000000
     386         0.0000000000        0.0000000000
     387         0.0000000000        0.0000000000
     388         0.0000000000        0.0000000000
     389         0.0000000000        0.0000000000
     390         0.0000000000        0.0000000000
     391         0.0000000000        0.0000000000
     392         0.0000000000       -0.0030816609
     393         0.0004261732       -0.0392000038
     394         0.0004336237       -0.0876701688
     395         0.0000000000       -0.0310347386
     396         0.0000074506       -0.0287208095
     397         0.0000000000       -0.0099251047
     398         0.0000000000        0.0000000000
     399         0.0000000000        0.0000000000
     400         0.0000000000        0.0000000000
     401         0.0000000000        0.0000000000
     402         0.0000000000        0.0000000000
     403         0.0000000000        0.0000000000
     404         0.0000000000        0.0000000000
     405         0.0000000000        0.0000000000
     406         0.0000000000        0.0000000000
     407         0.0008585321        0.0000000000
     408         0.0000000000        0.0000000000
     409         0.0000000000        0.0000000000
     410         0.0000000000        0.0000000000
     411         0.0000000000        0.0000000000
     412         0.0000000000        0.0000000000
     413         0.0000000000        0.0000000000
     414         0.0000000000        0.0000000000
     415         0.0000000000        0.0000000000
     416         0.0000000000       -0.0025412446
     417         0.0000000000       -0.0433521345
     418         0.0000000000       -0.1061196235
     419         0.0000000000       -0.0500444585
     420         0.0000000000       -0.0358433026
     421         0.0000000000       -0.0102480408
     422         0.0000000000        0.0000000000
     423         0.0000000000        0.0000000000
     424         0.0000000000        0.0000000000
     425         0.0000000000        0.0000000000
     426         0.0000000000        0.0000000000
     427         0.0000000000        0.0000000000
     428         0.0000000000        0.0000000000
     429         0.0000000000        0.0000000000
     430         0.0000000000        0.0000000000
     431         0.0000000000        0.0000000000
     432         0.0000000000        0.0000000000
     433         0.0000000000        0.0000000000
     434         0.0000000000        0.0000000000
     435         0.0000000000        0.0000000000
     436         0.0000000000        0.0000000000
     437         0.0000000000        0.0000000000
     438         0.0000000000        0.0000000000
     439         0.0000000000       -0.0015756586
     440         0.0000000000        0.0000000000
     441         0.0000000000       -0.0355786087
     442         0.0000000000       -0.1139779833
     443         0.0000000000       -0.0564819202
     444         0.0000000000       -0.0448666251
     445         0.0000000000       -0.0151086133
     446         0.0000000000        0.0000000000
     447         0.0000000000        0.0000000000
     448         0.0000000000        0.0000000000
     449         0.0000000000        0.0000000000
     450         0.0000000000        0.0000000000
     451         0.0000000000        0.0000000000
     452         0.0000000000        0.0000000000
     453         0.0004351138        0.0000000000
     454         0.0000000000        0.0000000000
     455         0.0000000000        0.0000000000
     456         0.0000000000        0.0000000000
     457         0.0000000000        0.0000000000
     458         0.0000000000        0.0000000000
     459         0.0000000000        0.0000000000
     460         0.0000000000        0.0000000000
     461         0.0000000000        0.0000000000
     462         0.0000000000        0.0000000000
     463         0.0000000000       -0.0022322956
     464         0.0000000000       -0.0037135151
     465         0.0000000000       -0.0349367874
     466         0.0000000000       -0.1200179286
     467         0.0000000000       -0.0513875275
     468         0.0000000000       -0.0328721362
     469         0.0000000000       -0.0048957299
     470         0.0000000000        0.0000000000
     471         0.0000000000        0.0000000000
     472         0.0000000000        0.0000000000
     473         0.0000000000        0.0000000000
     474         0.0000000000        0.0000000000
     475         0.0000000000        0.0000000000
     476         0.0000000000        0.0000000000
     477         0.0000000000        0.0000000000
     478         0.0000000000        0.0000000000
     479         0.0000000000        0.0000000000
     480         0.0000000000        0.0000000000
     481         0.0000000000        0.0000000000
     482         0.0000000000        0.0000000000
     483         0.0001404723        0.0000000000
     484         0.0000000000        0.0000000000
     485         0.0000000000        0.0000000000
     486         0.0000000000        0.0000000000
     487         0.0000000000        0.0000000000
     488         0.0000000000       -0.0028138238
     489         0.0000000000       -0.0409014538
     490         0.0000000000       -0.0955388387
     491         0.0016870352       -0.0225548720
     492         0.0417437915       -0.0209409482
     493         0.0729814683       -0.0244607218
     494         0.0000000000        0.0000000000
     495         0.0000000000        0.0000000000
     496         0.0000000000        0.0000000000
     497         0.0000000000        0.0000000000
     498         0.0000022410        0.0000000000
     499         0.0000000000        0.0000000000
     500         0.0008636853        0.0000000000
     501         0.0000000000        0.0000000000
     502         0.0000000000        0.0000000000
     503         0.0008430507       -0.0012170058
     504         0.0000000000       -0.0000456348
     505         0.0000000000       -0.0013289973
     506         0.0000000000        0.0000000000
     507         0.0000000000        0.0000000000
     508         0.0000000000        0.0000000000
     509         0.0000000000        0.0000000000
     510         0.0000000000        0.0000000000
     511         0.0000000000        0.0000000000
     512         0.0000000000       -0.0044375984
     513         0.0000000000       -0.0573938023
     514         0.0000000000       -0.0984142462
     515         0.0000000000       -0.0491112005
     516         0.0000000000       -0.0267646246
     517         0.0000000000       -0.0047523063
     518         0.0000000000        0.0000000000
     519         0.0000000000        0.0000000000
     520         0.0000000000        0.0000000000
     521         0.0000000000        0.0000000000
     522         0.0000000000        0.0000000000
     523         0.0000000000        0.0000000000
     524         0.0000000000        0.0000000000
     525         0.0000000000        0.0000000000
     526         0.0000000000        0.0000000000
     527         0.0000000000        0.0000000000
     528         0.0000000000        0.0000000000
     529         0.0035587773        0.0000000000
     530         0.0943242731        0.0000000000
     531         0.0000000000        0.0000000000
     532         0.0707955769        0.0000000000
     533         0.6203755620        0.0000000000
     534         0.1261260913        0.0000000000
     535         0.0000000000        0.0000000000
     536         0.0000000000       -0.0164593775
     537         0.0000000000       -0.0267691413
     538         0.0000000000       -0.0220478659
     539         0.0000000000       -0.0174166053
     540         0.0000000000       -0.0974705326
     541         0.0145642553        0.0000000000
     542         0.0000000000        0.0000000000
     543         0.0000000000        0.0000000000
     544         0.0000000000        0.0000000000
     545         0.0004628673        0.0000000000
     546         0.0000000000        0.0000000000
     547         0.0000000000        0.0000000000
     548         0.0000000000        0.0000000000
     549         0.0000000000        0.0000000000
     550         0.0000000000        0.0000000000
     551         0.0000000000        0.0000000000
     552         0.0000000000        0.0000000000
     553         0.0004316680        0.0000000000
     554         0.0000000000        0.0000000000
     555         0.0000000000        0.0000000000
     556         0.0000000000        0.0000000000
     557         0.0000000000        0.0000000000
     558         0.0000000000        0.0000000000
     559         0.0000000000       -0.0003785226
     560         0.0000000000       -0.0058268051
     561         0.0000000000       -0.0816605143
     562         0.0000000000       -0.0548911967
     563         0.0000000000       -0.0383654551
     564         0.0000000000       -0.0265603448
     565         0.0000000000       -0.0115972944
     566         0.0000000000        0.0000000000
     567         0.0000000000        0.0000000000
     568         0.0000000000        0.0000000000
     569         0.0000000000        0.0000000000
     570         0.0004351138        0.0000000000
     571         0.0000000000        0.0000000000
     572         0.0000000000        0.0000000000
     573         0.0000000000        0.0000000000
     574         0.0000000000        0.0000000000
     575         0.0008627517        0.0000000000
     576         0.0000000000        0.0000000000
     577         0.0000000000        0.0000000000
     578         0.0000000000        0.0000000000
     579         0.0000000000        0.0000000000
     580         0.0000000000        0.0000000000
     581         0.0000000000        0.0000000000
     582         0.0000000000        0.0000000000
     583         0.0000000000        0.0000000000
     584         0.0000000000       -0.0049054797
     585         0.0000000000       -0.1039799827
     586         0.0000000000       -0.0646598346
     587         0.0000000000       -0.0037406717
     588         0.0000000000        0.0000000000
     589         0.0051560810        0.0000000000
     590         0.0519254918        0.0000000000
     591         0.2089521904        0.0000000000
     592         0.2881956025       -0.0050058588
     593         0.1653030049        0.0000000000
     594         0.0000000000        0.0000000000
     595         0.0000000000        0.0000000000
     596         0.0651914161        0.0000000000
     597         0.0000000000        0.0000000000
     598         0.0000000000        0.0000000000
     599         0.0000000000        0.0000000000
     600         0.0000000000        0.0000000000
     601         0.0213701278        0.0000000000
     602         0.0000000000        0.0000000000
     603         0.0000000000        0.0000000000
     604         0.0000000000        0.0000000000
     605         0.0000000000       -0.0002441132
     606         0.0000000000       -0.0004142533
     607         0.0000000000       -0.0109008301
     608         0.0000000000       -0.0462077513
     609         0.0020708831       -0.1037861884
     610         0.0010938384       -0.0313316559
     611         0.0000000000        0.0000000000
     612         0.0000000000       -0.0091081019
     613         0.0000000000        0.0000000000
     614         0.0000000000        0.0000000000
     615         0.0000056752        0.0000000000
     616         0.0000000000        0.0000000000
     617         0.0000000000        0.0000000000
     618         0.0000000000        0.0000000000
     619         0.0000000000        0.0000000000
     620         0.0012539385        0.0000000000
     621         0.0000000000        0.0000000000
     622         0.0008227653        0.0000000000
     623         0.0009694340        0.0000000000
     624         0.0000000000        0.0000000000
     625         0.0014603575       -0.0055825803
     626         0.0000000000        0.0000000000
     627         0.0000000000        0.0000000000
     628         0.0000000000        0.0000000000
     629         0.0000000000        0.0000000000
     630         0.0000000000       -0.0005176535
     631         0.0000000000       -0.0118334137
     632         0.0005750710       -0.0246548880
     633         0.0005537108       -0.0432194211
     634         0.0000000000       -0.0524581410
     635         0.0000000000       -0.0175298046
     636         0.0007112676        0.0000000000
     637         0.0075001726        0.0000000000
     638         0.0264064929        0.0000000000
     639         0.0211161350       -0.0040705781
     640         0.0000000000        0.0000000000
     641         0.0577758328        0.0000000000
     642         0.0000000000        0.0000000000
     643         0.0000000000        0.0000000000
     644         0.0090252142       -0.0007958151
     645         0.0000000000        0.0000000000
     646         0.0000000000        0.0000000000
     647         0.0000000000        0.0000000000
     648         0.0000000000        0.0000000000
     649         0.0000000000       -0.0019618310
     650         0.0000000000        0.0000000000
     651         0.0000000000       -0.0032466990
     652         0.0000000000        0.0000000000
     653         0.0000000000       -0.0004704916
     654         0.0000000000        0.0000000000
     655         0.0000000000       -0.0193379128
     656         0.0000000000       -0.0126259620
     657         0.0000000000       -0.0336405647
     658         0.0000000000       -0.0429598149
     659         0.0005932227       -0.0627101545
     660         0.0066972730       -0.0470920204
     661         0.0714497139       -0.0054026023
     662         0.2411567693        0.0000000000
     663         1.1738713220        0.0000000000
     664         0.9092413820        0.0000000000
     665         0.0000000000        0.0000000000
     666         0.0000000000        0.0000000000
     667         0.0000000000        0.0000000000
     668         0.0000000000        0.0000000000
     669         0.0000000000        0.0000000000
     670         0.0000000000        0.0000000000
     671         0.0008679926        0.0000000000
     672         0.0000000000        0.0000000000
     673         0.0000000000        0.0000000000
     674         0.0000000000        0.0000000000
     675         0.0000000000        0.0000000000
     676         0.0000000000        0.0000000000
     677         0.0000000000        0.0000000000
     678         0.0000000000        0.0000000000
     679         0.0004284084       -0.0037715909
     680         0.0441771554       -0.0303366051
     681         0.0018763967       -0.0601778247
     682         0.0584749505       -0.0471054809
     683         0.0000000000       -0.0795561646
     684         0.0221525697        0.0000000000
     685         0.0000000000        0.0000000000
     686         0.0000000000        0.0000000000
     687         0.3906616475        0.0000000000
     688         1.7783816438        0.0000000000
     689         0.0000000000        0.0000000000
     690         0.0000000000        0.0000000000
     691         0.0000000000        0.0000000000
     692         0.0000000000        0.0000000000
     693         0.0000000000       -0.0027357601
     694         0.0000000000        0.0000000000
     695         0.0000000000        0.0000000000
     696         0.0004456379        0.0000000000
     697         0.0000000000        0.0000000000
     698         0.0000000000        0.0000000000
     699         0.0000000000        0.0000000000
     700         0.0008213684        0.0000000000
     701         0.0031521839        0.0000000000
     702         0.0011123930        0.0000000000
     703         0.0079841493       -0.0132299319
     704         0.0452228114       -0.0661296508
     705         0.0000000000       -0.0677531207
     706         0.0266968418        0.0000000000
     707         0.0000000000        0.0000000000
     708         0.0103577186       -0.0057178549
     709         0.0000000000        0.0000000000
     710         0.0410501380        0.0000000000
     711         0.0000000000        0.0000000000
     712         0.0010358635        0.0000000000
     713         0.0000000000        0.0000000000
     714         0.0000000000        0.0000000000
     715         0.0000000000        0.0000000000
     716         0.0020535663       -0.0009350479
     717         0.0000000000        0.0000000000
     718         0.0000000000        0.0000000000
     719         0.0000000000        0.0000000000
     720         0.0000000000        0.0000000000
     721         0.0000000000        0.0000000000
     722         0.0000000000        0.0000000000
     723         0.0001404723        0.0000000000
     724         0.0000000000        0.0000000000
     725         0.0004242471        0.0000000000
     726         0.0004102587        0.0000000000
     727         0.0000000000       -0.0018273186
     728         0.0000000000       -0.0266119669
     729         0.0000000000       -0.0494719598
     730         0.0030411338        0.0000000000
     731         0.0145418480       -0.0084179919
     732         0.0005012944        0.0000000000
     733         0.1295070251       -0.0103486236
     734         0.0000000000       -0.0226534903
     735         0.0000000000        0.0000000000
     736         0.0082335901        0.0000000000
     737         0.0080731697        0.0000000000
     738         0.0000000000        0.0000000000
     739         0.0000000000        0.0000000000
     740         0.0000000000        0.0000000000
     741         0.0004023314        0.0000000000
     742         0.0000034925        0.0000000000
     743         0.0000000000        0.0000000000
     744         0.0000000000        0.0000000000
